<?xml version="1.0" encoding="UTF-8"?>
<!DOCTYPE svg PUBLIC "-//W3C//DTD SVG 1.1//EN" "http://www.w3.org/Graphics/SVG/1.1/DTD/svg11.dtd">
<!-- Creator: CorelDRAW X5 -->
<svg xmlns="http://www.w3.org/2000/svg" xml:space="preserve" width="83.7352mm" height="83.82mm" style="shape-rendering:geometricPrecision; text-rendering:geometricPrecision; image-rendering:optimizeQuality; fill-rule:evenodd; clip-rule:evenodd"
viewBox="0 0 8374 8382"
 xmlns:xlink="http://www.w3.org/1999/xlink"
 xmlns:svg="http://www.w3.org/2000/svg">
 <defs>
  <style type="text/css">
   <![CDATA[
    .fil0 {fill:#00529E;fill-rule:nonzero}
   ]]>
  </style>
 </defs>
 <g id="Layer_x0020_1">
  <metadata id="CorelCorpID_0Corel-Layer"/>
  <g id="_350007920">
   <polygon class="fil0" points="1939,2669 1939,1927 0,1927 0,2669 445,2669 445,4258 0,4258 0,5001 1939,5001 1939,4258 1494,4258 1494,2669 "/>
   <path class="fil0" d="M4078 3106c-120,-35 -736,-211 -843,-246 -107,-35 -194,-85 -194,-148 0,-63 98,-131 296,-131 625,0 926,386 926,386 0,0 34,45 45,61l603 0 0 -1052 -648 0 0 191c-49,-34 -415,-272 -981,-272 -747,0 -1163,388 -1163,967 0,580 525,819 671,880 146,61 717,222 961,298 244,76 333,131 333,170 0,39 -107,142 -412,142 -531,0 -805,-313 -853,-374l0 0c-15,-20 -33,-45 -39,-54 -7,-11 -23,-34 -35,-50l-603 0 0 1123 677 0 0 -235c79,52 482,304 966,304 540,0 1229,-235 1229,-969 0,-734 -817,-956 -937,-991z"/>
   <path class="fil0" d="M6734 1885c-901,0 -1639,450 -1639,1600 0,1150 802,1580 1643,1580 841,0 1635,-427 1635,-1568 0,-1142 -794,-1612 -1639,-1612zm8 2414l0 0c-308,0 -506,-71 -506,-818 0,-747 146,-826 518,-826 225,0 498,16 498,802 0,786 -201,841 -510,841z"/>
   <path class="fil0" d="M1292 1588c202,-299 451,-564 737,-784 115,85 238,163 367,232 -216,241 -410,508 -442,552l130 0c78,-105 239,-316 409,-503 186,91 383,166 588,223 -55,116 -96,218 -120,280l113 0c26,-64 64,-154 111,-254 262,64 537,100 819,106l0 148 105 0 0 -148c279,-2 553,-34 814,-94 45,94 80,179 105,241l113 0c-23,-60 -62,-156 -114,-267 209,-54 410,-127 600,-217 163,182 316,382 391,483l130 0c-31,-43 -215,-296 -423,-532 143,-74 279,-158 407,-252 285,220 534,485 737,784l126 0c-619,-955 -1693,-1588 -2913,-1588 -1220,0 -2294,633 -2913,1588l126 0zm1835 -376l0 0c-196,-53 -383,-122 -560,-207 24,-25 48,-49 72,-72 242,-234 641,-490 728,-546 71,39 148,72 231,98 -64,84 -189,254 -326,470 -53,84 -102,172 -144,257zm875 123l0 0c-265,-5 -524,-38 -771,-97 39,-76 82,-154 129,-227 157,-249 300,-435 347,-496 94,22 194,36 296,41l0 779zm105 1l0 0 0 -779c101,-2 199,-12 294,-31 54,70 189,250 339,485 49,78 94,160 135,239 -247,55 -504,84 -767,86zm872 -110l0 0c-44,-89 -95,-182 -151,-270 -130,-205 -249,-368 -316,-456 88,-25 170,-57 246,-95 123,79 479,314 703,529 30,29 60,59 90,91 -181,83 -372,151 -572,202zm1062 -487l0 0c-123,89 -254,168 -392,238 -39,-41 -77,-81 -116,-118 -209,-202 -521,-413 -673,-513 52,-34 99,-71 142,-111 378,108 728,280 1039,505zm-1962 -634l0 0c276,0 545,34 802,97 -195,158 -487,251 -802,251 -316,0 -607,-93 -802,-251 257,-63 526,-97 802,-97zm-923 129l0 0c34,33 72,64 113,92 -138,89 -479,316 -702,532 -32,31 -65,64 -97,98 -124,-65 -242,-137 -353,-218 311,-224 662,-397 1039,-505z"/>
   <path class="fil0" d="M6866 5349c-198,293 -441,553 -719,770 -132,-100 -274,-188 -425,-266 181,-204 343,-422 403,-504l-130 0c-80,107 -221,289 -370,456 -189,-90 -390,-163 -600,-217 44,-95 79,-179 103,-239l-113 0c-24,58 -56,133 -94,213 -261,-60 -535,-92 -814,-94l0 -120 -105 0 0 120c-282,5 -557,41 -819,105 -41,-86 -75,-164 -100,-226l-113 0c25,63 62,152 110,253 -206,57 -403,131 -589,223 -156,-172 -304,-364 -388,-475l-130 0c62,85 233,315 422,525 -136,73 -265,155 -385,245 -278,-217 -521,-477 -719,-770l-126 0c619,955 1693,1588 2913,1588 1220,0 2294,-633 2913,-1588l-126 0 0 0zm-1887 335l0 0c199,51 391,118 572,202 -30,32 -60,62 -90,91 -223,215 -578,449 -702,529 -76,-39 -159,-71 -246,-95 67,-88 186,-251 315,-456 56,-88 107,-182 151,-270zm-872 -110l0 0c263,2 521,31 767,85 -40,79 -86,162 -135,239 -149,235 -284,415 -338,485 -94,-19 -193,-29 -294,-31l0 -779 0 0zm-105 1l0 0 0 779c-103,5 -202,18 -296,40 -48,-61 -189,-247 -347,-496 -47,-74 -90,-152 -129,-227 247,-59 506,-92 771,-97zm-875 123l0 0c43,85 91,173 144,257 137,216 262,386 326,470 -82,26 -160,59 -231,98 -88,-55 -486,-312 -728,-546 -24,-23 -48,-47 -72,-72 177,-85 365,-154 560,-207zm-1030 487l0 0c117,-86 241,-163 372,-231 32,34 65,67 97,98 224,216 564,443 702,532 -49,34 -94,72 -134,114 -377,-111 -727,-286 -1037,-512zm1981 647l0 0c-285,0 -562,-36 -827,-103 193,-170 500,-273 827,-273 326,0 633,103 827,273 -265,67 -542,103 -827,103zm944 -135l0 0c-47,-49 -102,-93 -162,-133 153,-100 464,-311 673,-512 39,-37 77,-77 116,-119 145,73 283,157 411,251 -310,227 -660,402 -1037,512z"/>
   <path class="fil0" d="M199 8046c5,87 38,146 100,179 32,17 68,26 108,26 75,0 139,-31 192,-94 53,-62 90,-189 112,-380 -35,55 -78,94 -129,116 -51,22 -107,34 -166,34 -120,0 -215,-37 -285,-112 -70,-75 -105,-171 -105,-289 0,-113 35,-213 104,-298 69,-86 171,-129 306,-129 182,0 307,82 376,245 38,90 57,202 57,338 0,153 -23,288 -69,406 -76,196 -205,294 -387,294 -122,0 -215,-32 -278,-96 -63,-64 -95,-144 -95,-240l159 0 0 0zm408 -317l0 0c51,-41 77,-112 77,-214 0,-92 -23,-160 -69,-205 -46,-45 -105,-67 -176,-67 -77,0 -137,26 -182,77 -45,51 -68,120 -68,206 0,81 20,146 59,193 39,48 102,72 189,72 62,0 119,-20 170,-61z"/>
   <path class="fil0" d="M1787 7300c56,103 84,244 84,422 0,170 -25,310 -76,421 -73,159 -193,239 -359,239 -150,0 -261,-65 -334,-195 -61,-109 -91,-254 -91,-437 0,-142 18,-263 55,-365 68,-189 192,-284 372,-284 161,0 278,66 350,199zm-158 831l0 0c48,-72 72,-206 72,-402 0,-142 -17,-258 -52,-350 -35,-91 -103,-137 -203,-137 -92,0 -160,43 -203,130 -43,87 -64,215 -64,384 0,127 14,229 41,307 42,118 113,177 215,177 81,0 146,-36 195,-108z"/>
   <path class="fil0" d="M2779 7300c56,103 84,244 84,422 0,170 -25,310 -76,421 -73,159 -193,239 -359,239 -150,0 -261,-65 -334,-195 -61,-109 -91,-254 -91,-437 0,-142 18,-263 55,-365 68,-189 192,-284 372,-284 161,0 278,66 350,199zm-158 831l0 0c48,-72 72,-206 72,-402 0,-142 -17,-258 -52,-350 -35,-91 -103,-137 -203,-137 -92,0 -160,43 -203,130 -43,87 -64,215 -64,384 0,127 14,229 41,307 42,118 113,177 215,177 81,0 146,-36 195,-108z"/>
   <path class="fil0" d="M3109 7465l0 -120c113,-11 192,-29 237,-55 45,-26 78,-87 100,-183l124 0 0 1242 -167 0 0 -883 -293 0 0 0z"/>
   <path class="fil0" d="M4128 7427l182 0 0 190 -182 0 0 -190zm0 731l0 0 182 0 0 190 -182 0 0 -190z"/>
   <path class="fil0" d="M4548 8068c39,-80 114,-152 226,-217l167 -97c75,-44 127,-81 158,-112 48,-48 71,-104 71,-166 0,-73 -22,-130 -65,-173 -44,-43 -102,-64 -174,-64 -107,0 -182,41 -223,122 -22,44 -34,104 -37,182l-159 0c2,-109 22,-197 60,-266 68,-121 188,-181 360,-181 143,0 247,39 313,116 66,77 99,163 99,258 0,100 -35,185 -105,256 -41,41 -114,91 -219,150l-119 66c-57,31 -102,61 -134,90 -58,51 -95,107 -110,168l681 0 0 148 -856 0c6,-107 28,-201 67,-280z"/>
   <path class="fil0" d="M6250 7300c56,103 84,244 84,422 0,170 -25,310 -76,421 -73,159 -193,239 -359,239 -150,0 -261,-65 -334,-195 -61,-109 -91,-254 -91,-437 0,-142 18,-263 55,-365 69,-189 192,-284 372,-284 161,0 278,66 350,199zm-158 831l0 0c48,-72 72,-206 72,-402 0,-142 -17,-258 -52,-350 -35,-91 -103,-137 -203,-137 -92,0 -160,43 -203,130 -43,87 -64,215 -64,384 0,127 14,229 41,307 42,118 113,177 215,177 81,0 146,-36 195,-108z"/>
   <path class="fil0" d="M6580 7465l0 -120c113,-11 192,-29 237,-55 45,-26 78,-87 100,-183l124 0 0 1242 -167 0 0 -883 -293 0 0 0z"/>
   <path class="fil0" d="M7622 8030c10,89 52,151 125,186 37,17 80,26 129,26 93,0 162,-30 206,-89 45,-59 67,-125 67,-197 0,-87 -27,-154 -80,-202 -53,-48 -117,-71 -191,-71 -54,0 -100,10 -139,31 -39,21 -72,50 -99,87l-136 -8 95 -671 648 0 0 152 -530 0 -53 347c29,-22 57,-39 83,-50 46,-19 100,-29 161,-29 114,0 211,37 291,111 80,74 119,167 119,280 0,118 -36,222 -109,312 -73,90 -189,135 -349,135 -102,0 -191,-29 -270,-86 -78,-57 -122,-145 -131,-263l163 0 0 0z"/>
  </g>
 </g>
</svg>
